# Single Polygon Triangulation Data
# Format: polygon_index polygon_number
5 6
# Original polygon exterior vertices
# Format: num_vertices
51
# Format: x y
-87.552551 30.283585
-87.552742 30.283564
-87.552788 30.283707
-87.552773 30.283949
-87.552727 30.284401
-87.552628 30.284840
-87.552521 30.285152
-87.552376 30.285418
-87.552277 30.285511
-87.551865 30.285725
-87.551788 30.285807
-87.551682 30.285952
-87.551598 30.286203
-87.551544 30.286276
-87.551384 30.286457
-87.551048 30.286650
-87.550896 30.286793
-87.550728 30.287056
-87.550697 30.287132
-87.550529 30.287304
-87.550072 30.287523
-87.549843 30.287590
-87.549690 30.287657
-87.549538 30.287754
-87.549438 30.287848
-87.549240 30.287903
-87.549118 30.287903
-87.548973 30.287771
-87.548935 30.287722
-87.548904 30.287506
-87.548996 30.287292
-87.549202 30.287073
-87.549393 30.286837
-87.549942 30.286011
-87.550026 30.285917
-87.550186 30.285791
-87.550400 30.285582
-87.550667 30.285345
-87.550797 30.285187
-87.551056 30.284994
-87.551094 30.284939
-87.551224 30.284834
-87.551292 30.284752
-87.551392 30.284554
-87.551414 30.284466
-87.551437 30.284405
-87.551613 30.284180
-87.551750 30.283926
-87.551926 30.283739
-87.552124 30.283640
-87.552429 30.283619
# Original polygon holes
# Format: num_holes
0
# Triangulation vertices (exterior + holes)
# Format: num_vertices
51
# Format: x y
-87.552551 30.283585
-87.552742 30.283564
-87.552788 30.283707
-87.552773 30.283949
-87.552727 30.284401
-87.552628 30.284840
-87.552521 30.285152
-87.552376 30.285418
-87.552277 30.285511
-87.551865 30.285725
-87.551788 30.285807
-87.551682 30.285952
-87.551598 30.286203
-87.551544 30.286276
-87.551384 30.286457
-87.551048 30.286650
-87.550896 30.286793
-87.550728 30.287056
-87.550697 30.287132
-87.550529 30.287304
-87.550072 30.287523
-87.549843 30.287590
-87.549690 30.287657
-87.549538 30.287754
-87.549438 30.287848
-87.549240 30.287903
-87.549118 30.287903
-87.548973 30.287771
-87.548935 30.287722
-87.548904 30.287506
-87.548996 30.287292
-87.549202 30.287073
-87.549393 30.286837
-87.549942 30.286011
-87.550026 30.285917
-87.550186 30.285791
-87.550400 30.285582
-87.550667 30.285345
-87.550797 30.285187
-87.551056 30.284994
-87.551094 30.284939
-87.551224 30.284834
-87.551292 30.284752
-87.551392 30.284554
-87.551414 30.284466
-87.551437 30.284405
-87.551613 30.284180
-87.551750 30.283926
-87.551926 30.283739
-87.552124 30.283640
-87.552429 30.283619
# Triangulation triangles
# Format: num_triangles
49
# Format: v1 v2 v3
5 46 43
16 33 17
44 46 45
41 9 42
35 34 16
38 11 39
6 42 7
33 16 34
50 49 3
6 5 43
8 42 9
46 4 47
36 35 15
32 31 21
19 17 32
25 29 27
50 3 0
48 4 49
3 49 4
44 43 46
9 39 10
9 41 39
36 14 37
13 37 14
16 15 35
15 14 36
18 17 19
30 29 23
25 24 29
28 27 29
1 0 2
3 2 0
5 4 46
8 7 42
48 47 4
42 6 43
39 41 40
11 37 13
11 38 37
39 11 10
11 13 12
20 19 32
20 32 21
33 32 17
22 31 23
22 21 31
30 23 31
24 23 29
25 27 26
# Boundary segments (constraints)
# Format: num_segments
51
# Format: v1 v2
0 1
1 2
2 3
3 4
4 5
5 6
6 7
7 8
8 9
9 10
10 11
11 12
12 13
13 14
14 15
15 16
16 17
17 18
18 19
19 20
20 21
21 22
22 23
23 24
24 25
25 26
26 27
27 28
28 29
29 30
30 31
31 32
32 33
33 34
34 35
35 36
36 37
37 38
38 39
39 40
40 41
41 42
42 43
43 44
44 45
45 46
46 47
47 48
48 49
49 50
50 0
